# Created by Octave 8.2.0, Sun Jul 23 20:15:09 2023 GMT <unknown@SOUSAOTT2>
# name: myk
# type: matrix
# rows: 7
# columns: 4
 1 0.92920000000000003 0.92910000000000004 32375
 2 0.94340000000000002 0.94340000000000002 31871
 3 0.96899999999999997 0.96899999999999997 30518
 4 0.97370000000000001 0.97370000000000001 30149
 5 0.97370000000000001 0.97370000000000001 30151
 6 0.9738 0.9738 30150
 7 0.97389999999999999 0.9738 30144


