# Created by Octave 6.4.0, Wed Aug 16 12:31:30 2023 -03 <otto@SOUSAOTT2>
# name: Nerros_pos
# type: scalar
5305


# name: Nerros_neg
# type: scalar
3932


# name: Nacertos
# type: scalar
50763


# name: Perros_pos
# type: scalar
8.8416666666666668


# name: Perros_neg
# type: scalar
6.5533333333333337


# name: Pacertos
# type: scalar
84.605000000000004


