# Created by Octave 6.4.0, Sun Aug 20 01:39:40 2023 -03 <otto@SOUSAOTT2>
# name: Nerros_pos
# type: scalar
1119


# name: Nerros_neg
# type: scalar
617


# name: Nacertos
# type: scalar
8264


# name: Perros_pos
# type: scalar
11.19


# name: Perros_neg
# type: scalar
6.1699999999999999


# name: Pacertos
# type: scalar
82.640000000000001


# name: elapsed_time
# type: scalar
5.8896160125732422


