# Created by Octave 6.4.0, Sun Aug 20 17:10:30 2023 -03 <otto@SOUSAOTT2>
# name: Nerros_pos
# type: scalar
838


# name: Nerros_neg
# type: scalar
549


# name: Nacertos
# type: scalar
8613


# name: Perros_pos
# type: scalar
8.3800000000000008


# name: Perros_neg
# type: scalar
5.4900000000000002


# name: Pacertos
# type: scalar
86.129999999999995


# name: elapsed_time
# type: scalar
9.89444899559021


