# Created by Octave 6.4.0, Sun Aug 20 10:50:24 2023 -03 <otto@SOUSAOTT2>
# name: Nerros_pos
# type: scalar
858


# name: Nerros_neg
# type: scalar
539


# name: Nacertos
# type: scalar
8603


# name: Perros_pos
# type: scalar
8.5800000000000001


# name: Perros_neg
# type: scalar
5.3899999999999997


# name: Pacertos
# type: scalar
86.030000000000001


# name: elapsed_time
# type: scalar
41.698003053665161


