# Created by Octave 6.4.0, Sun Aug 20 04:36:36 2023 -03 <otto@SOUSAOTT2>
# name: numero_de_epocas
# type: scalar
500


# name: Nerros_pos
# type: scalar
554


# name: Nerros_neg
# type: scalar
409


# name: Nacertos
# type: scalar
9038


# name: Perros_pos
# type: scalar
5.5394460553944604


# name: Perros_neg
# type: scalar
4.0895910408959102


# name: Pacertos
# type: scalar
90.370962903709625


# name: elapsed_time
# type: scalar
7026.3419919013977


