# Created by Octave 6.4.0, Wed Aug 16 18:44:35 2023 -03 <otto@SOUSAOTT2>
# name: numero_de_epocas
# type: scalar
500


# name: Nerros_pos
# type: scalar
551


# name: Nerros_neg
# type: scalar
408


# name: Nacertos
# type: scalar
9042


# name: Perros_pos
# type: scalar
5.5094490550944908


# name: Perros_neg
# type: scalar
4.0795920407959203


# name: Pacertos
# type: scalar
90.410958904109592


