# Created by Octave 8.2.0, Wed Aug 02 22:55:13 2023 GMT <unknown@atlantico04128>
# name: b_aerogerador
# type: matrix
# rows: 80
# columns: 6
 -0.01381920923605728 -4.8190070410079295 10 -0.25699275535188248 2.4416484194782102 -3.7873860481572006
 0.16036274748197915 5.0239677676305243 10 -6 6.2202831291829925 10
 -0.00087904862767538552 10 3.8501576729444658 -0.89367211463300544 10 10
 -0.16133064506465244 7.5740712735054343 -2.332659252441732 -1.7265651946454481 4.5578005403372455 4.34060732541188
 0.022760332678750037 7.5935270932906027 0.78952723780350587 -6 7.3787190023780163 6.4707169272397005
 0.02556024927380763 -4.6596009096364241 -6 10 10 -2.3575657602455675
 0.0098109445584709919 -1.7158218847486286 6.4415523532392065 2.095044248541333 -1.1245100785934952 3.2910390430073253
 0.0047385507942490938 8.1946129100812648 10 -0.03626638864299836 -6 1.6698102799600485
 0.0033708007716167099 4.2559858642071493 4.9407218111777009 -2.2398763573521725 -0.21957225579130757 -2.5940776015441926
 -0.00076193316453450864 -0.22130885467222819 4.8035615340441229 -1.6371048507262727 4.2183323382335569 -2.3692903861588244
 -0.39707467382374073 4.7328819625073351 3.2869760673971502 1.8502075497641779 4.2370859995737309 -0.52190383953732411
 -0.0046511500830410087 -0.44582265931569015 5.4922771768296608 -1.6673957502212435 5.4145930500325354 -0.53351478523607132
 -0.10386941624343507 8.3437057926938039 -0.8052241311820536 6.3323162452804995 6.7953747662308635 -5.6151080528435005
 -0.0047150346936096271 3.4218926593005716 7.6290659591060841 9.8500512011559991 -0.50327116656563797 6.3558720628245364
 0.042170156158673137 4.0708835174865952 5.3171281539037683 0.37155873177623455 2.3215561228041244 -0.62464157956666
 -0.0052958889841792749 -0.32981864526078186 8.2923829628768893 -5.4054313968415393 3.8654915329644921 -3.6340524374378234
 0.0079449132026531075 4.012652928108345 4.8469436700090078 -0.82208749706945405 6.7611208571218695 -1.1744892432962377
 -0.015304837122765647 0.098341259808648829 5.743297909320134 0.05482346343058353 5.1522646875503426 -3.274952430568959
 0.014137595488309979 -1.1788954474308007 6.0607716405156511 -2.4126526026445516 1.9364881690514704 -1.5982345681299168
 -0.0094133408141067031 2.0801144112804915 6.3736772041141236 1.7982020729957413 10 -4.428801005782443
 -0.1076610755549384 10 10 -5.152553748814368 7.7773706246551537 8.7145650726186528
 0.02498271965165462 1.5484914444992395 -0.96915001443411342 2.1027727822542603 5.105720743316744 -2.7717246429749656
 0.040263588227237364 6.5329065951850609 -3.7559459940045805 6.4416853953084292 8.8882105580231681 -3.9628344597511203
 -0.11637615298626749 -6 5.6862913208202688 -6 0.86996405776806895 -6
 -0.0080691224623459686 -0.50045080556111166 9.5914157335685193 -1.1369205208115281 1.7962503292318424 -0.67434269091931043
 -0.0045424027822320596 0.63430802073948422 4.5210782780430021 -6 4.6991646382610401 -4.0550966677765476
 0.028396142541395074 3.0918338309135507 0.93086343526924686 -0.46685661328381456 1.19759878329661 7.1540677240633279
 -0.027452471064621224 -6 5.9439559874020489 2.7789970366764809 7.0531139297432004 -2.2847482732141131
 0.038109129698249811 1.1591858137070323 7.5856655940993303 4.5981751998001483 0.6100362318472734 3.083054256467733
 0.0064281111872668169 6.6084313074243397 3.6822160108106865 1.8565920098181623 5.0189842996712475 -5.3502153406714337
 0.025079780051324115 4.6711108929412344 4.0424751865861479 -6 4.4170140163686726 0.89726350934437438
 -0.0048271329935006581 -4.4857229414764035 5.6099913018352279 -1.4517676088677578 1.2220739194797927 -1.4251417532392812
 -0.00014916548262745161 1.3536159060940003 4.49092876443415 -2.1115915569960326 4.8222057165220953 -1.0507500634342684
 0.072719900644223456 4.1720205840980666 1.6722334784675805 -1.8867319209516173 2.9067920484575058 -1.0643494091338963
 -0.0022317492653822178 -0.18221967152982871 5.0205586949483383 -1.9969775989306877 3.7635840866733163 -3.6926445671430557
 0.0048621097047203974 4.4008846335693166 5.9847017479543885 -2.8529908569978688 0.52761015111410225 1.5077196657855554
 0.20120730406344511 10 -6 10 -6 -6
 0.0066841464833812892 -0.076935312847055654 3.5771017734193125 0.19044371086560474 7.4418484263277973 -0.037705581487117668
 0.0044416000647748864 5.4407677069929319 -2.7340617019127533 4.3378172946994269 1.2117955036445638 3.0094783294960239
 -0.012992925520633691 2.3875920510834407 5.4713256838419744 -2.0107335393629731 2.9862193749547794 4.824610782452643
 -0.024346105124511352 4.2319996331957839 5.3017676859654088 3.2689400262830963 0.38816031787251948 1.9888143473481938
 0.028863542615734039 0.047370132380036178 4.9239774311529363 -1.3135770146802868 3.5188457779745854 -2.275826758024567
 -0.0010346784812629486 -0.74690335561821608 5.3605804640849746 -3.7106219434286105 1.9529015867677972 -3.1393301404658334
 -0.035332120989855206 1.9613042710761412 5.426943654159972 -6 2.7243977591928457 -6
 -0.026556022545946426 -1.2442818328998975 4.2320467782252038 -4.1427602639979657 5.2687372751298405 -6
 0.0038085604726051606 -2.538061708664876 2.8674188094518889 -0.6482246524158346 3.9608654937515495 -2.2900506356734085
 -0.12559866666539915 4.5579027425087766 -1.2931329123730086 8.4548726235211706 8.9481619843099871 0.76951080590709142
 0.016272522328169062 -1.066754082126244 1.8943615021442635 -0.17576713040038472 2.2948748545128557 -2.2611077785167315
 0.0024810660830208719 1.2499605631591701 2.0352236436197559 -4.1594018100031036 2.043486427709948 3.4495145964721967
 0.053579908905762495 -4.1538119663779236 -4.7722886544360072 -0.41708363048615205 6.8390422975833136 -2.8038545719938517
 -0.36389187528830463 2.6768759278002645 9.7655581536618037 2.0971303496230882 1.24320994476809 1.1772333327906535
 -0.0024684823566524586 2.4631785186738444 4.9285888820628374 -1.580575548634255 4.1790670620928658 -3.8425821789139505
 -0.043740373417034156 8.5856371329677703 -3.6101004928491056 -3.382789587454583 5.8007409868540307 2.6368350249536139
 -0.011243577771173817 5.7995683829219971 10 -6 10 -6
 -0.0029780637398051299 -0.21233143304085322 -0.68200564085345228 -2.3576057009975573 4.2025680245514376 3.3822223308486654
 -0.002731977641880776 -0.39237983050484315 4.6364459829467624 -1.3442022302853389 4.3590731526467374 -2.0912997799154911
 -0.13688813386735385 -6 9.7220954418684471 -6 10 -6
 -0.008148834887106389 -0.94317282925575885 4.707538284287101 -2.2138743490834649 4.5001199270501413 -2.7286431561969993
 -0.18592657635671683 -4.851981589175038 0.10978776332988005 -4.6328472743984888 -2.5453529670143258 7.9387611916476768
 -0.0036741704024009988 -0.2445394465029101 5.0819646535829834 -6 9.2676252027174648 -2.1197508333336619
 -0.0047524059451901218 10 -6 10 10 10
 -0.011234032358728014 0.52778954876008033 4.5070335510315047 -1.8110124321933716 3.1711125904142285 -4.13636545073226
 -0.005241766713482753 2.39505803159672 5.2126430768163781 0.44495440321178137 4.9398613109042859 -0.87993527444186004
 0.0036544948216651069 -0.54873812585980253 5.5302231309734822 -0.93835395581902104 3.8655075431226997 -1.1876928865464182
 -0.00034564421524353392 3.4319717237109697 6.3387229138046015 -0.071737807145708654 8.120331013283991 1.0847527070978393
 0.00073109900393051805 0.37462909052378812 -3.7000380642613315 0.2466288953422815 -2.8216907680058925 -2.3787599676109861
 -0.03188083693042304 4.5200149233024627 1.3161027923514759 1.1984628944064779 7.5643396275947179 1.1273657050825694
 0.0056660261085844411 1.7379147475397327 0.63423563090503698 -2.5134664131855144 -1.1928128854863935 5.2719297698762873
 0.011923611703948978 7.2323180966805758 -0.6599019158412669 -1.6653624961558675 -1.7630175415772831 1.2275041242172571
 0.034297665468114025 7.5941397638148533 7.690515998964373 6.7446054864387115 1.4780627284383068 9.8487416951506344
 0.015643083116901858 -5.535453019358231 9.5098865073411645 -0.59263669512581552 -4.1539297361988154 3.3857359151438118
