# Created by Octave 6.4.0, Sun Aug 20 01:53:05 2023 -03 <otto@SOUSAOTT2>
# name: numero_de_epocas
# type: scalar
10


# name: Nerros_pos
# type: scalar
966


# name: Nerros_neg
# type: scalar
657


# name: Nacertos
# type: scalar
8378


# name: Perros_pos
# type: scalar
9.6590340965903412


# name: Perros_neg
# type: scalar
6.5693430656934311


# name: Pacertos
# type: scalar
83.771622837716222


# name: elapsed_time
# type: scalar
100.64207196235657


