ԀFcand = 5.7608e+11
x_best =

  -0.1521   1.6590  -0.4391  -4.2518  -3.2364

Fbest = 4.3091e+08




